pi=3.14159
Radius=Area = 3.14159
Circumference = 6.28319
pi=3.14159
Radius=Area = 19.635
Circumference = 15.708
pi=3.14159
Radius=Area = 28.2743
Circumference = 18.8496
pi=3.14159
Radius=